2022/08/24-21:31:15.560867 5e9c RocksDB version: 6.10.0
2022/08/24-21:31:15.560905 5e9c Git sha rocksdb_build_git_sha:@@GIT_SHA@@
2022/08/24-21:31:15.560917 5e9c Compile date Apr 22 2022
2022/08/24-21:31:15.560925 5e9c DB SUMMARY
2022/08/24-21:31:15.561498 5e9c CURRENT file:  CURRENT
2022/08/24-21:31:15.561509 5e9c IDENTITY file:  IDENTITY
2022/08/24-21:31:15.561551 5e9c MANIFEST file:  MANIFEST-000026 size: 59 Bytes
2022/08/24-21:31:15.561560 5e9c SST files in F:\[Servers]\QPixel-2.0\db\default dir, Total Num: 0, files: 
2022/08/24-21:31:15.561567 5e9c Write Ahead Log file in F:\[Servers]\QPixel-2.0\db\default: 000027.log size: 0 ; 
2022/08/24-21:31:15.561575 5e9c                         Options.error_if_exists: 0
2022/08/24-21:31:15.561582 5e9c                       Options.create_if_missing: 1
2022/08/24-21:31:15.561738 5e9c                         Options.paranoid_checks: 1
2022/08/24-21:31:15.561776 5e9c                                     Options.env: 0000024582DA3870
2022/08/24-21:31:15.561781 5e9c                                      Options.fs: Legacy File System
2022/08/24-21:31:15.561784 5e9c                                Options.info_log: 0000024583249590
2022/08/24-21:31:15.561786 5e9c                Options.max_file_opening_threads: 16
2022/08/24-21:31:15.561789 5e9c                              Options.statistics: 0000000000000000
2022/08/24-21:31:15.561792 5e9c                               Options.use_fsync: 0
2022/08/24-21:31:15.561794 5e9c                       Options.max_log_file_size: 0
2022/08/24-21:31:15.561797 5e9c                  Options.max_manifest_file_size: 1073741824
2022/08/24-21:31:15.561799 5e9c                   Options.log_file_time_to_roll: 0
2022/08/24-21:31:15.561802 5e9c                       Options.keep_log_file_num: 10
2022/08/24-21:31:15.561804 5e9c                    Options.recycle_log_file_num: 0
2022/08/24-21:31:15.561807 5e9c                         Options.allow_fallocate: 1
2022/08/24-21:31:15.561809 5e9c                        Options.allow_mmap_reads: 0
2022/08/24-21:31:15.561812 5e9c                       Options.allow_mmap_writes: 0
2022/08/24-21:31:15.561814 5e9c                        Options.use_direct_reads: 0
2022/08/24-21:31:15.561817 5e9c                        Options.use_direct_io_for_flush_and_compaction: 0
2022/08/24-21:31:15.561819 5e9c          Options.create_missing_column_families: 0
2022/08/24-21:31:15.561822 5e9c                              Options.db_log_dir: 
2022/08/24-21:31:15.561824 5e9c                                 Options.wal_dir: F:\[Servers]\QPixel-2.0\db\default
2022/08/24-21:31:15.561827 5e9c                Options.table_cache_numshardbits: 6
2022/08/24-21:31:15.561829 5e9c                      Options.max_subcompactions: 1
2022/08/24-21:31:15.561832 5e9c                         Options.WAL_ttl_seconds: 0
2022/08/24-21:31:15.561834 5e9c                       Options.WAL_size_limit_MB: 0
2022/08/24-21:31:15.561837 5e9c                        Options.max_write_batch_group_size_bytes: 1048576
2022/08/24-21:31:15.561839 5e9c             Options.manifest_preallocation_size: 4194304
2022/08/24-21:31:15.561842 5e9c                     Options.is_fd_close_on_exec: 1
2022/08/24-21:31:15.561844 5e9c                   Options.advise_random_on_open: 1
2022/08/24-21:31:15.561847 5e9c                    Options.db_write_buffer_size: 0
2022/08/24-21:31:15.561849 5e9c                    Options.write_buffer_manager: 0000024584401680
2022/08/24-21:31:15.561852 5e9c         Options.access_hint_on_compaction_start: 1
2022/08/24-21:31:15.561854 5e9c  Options.new_table_reader_for_compaction_inputs: 0
2022/08/24-21:31:15.561857 5e9c           Options.random_access_max_buffer_size: 1048576
2022/08/24-21:31:15.561859 5e9c                      Options.use_adaptive_mutex: 0
2022/08/24-21:31:15.561862 5e9c                            Options.rate_limiter: 0000000000000000
2022/08/24-21:31:15.561865 5e9c     Options.sst_file_manager.rate_bytes_per_sec: 0
2022/08/24-21:31:15.561867 5e9c                       Options.wal_recovery_mode: 2
2022/08/24-21:31:15.561870 5e9c                  Options.enable_thread_tracking: 0
2022/08/24-21:31:15.561887 5e9c                  Options.enable_pipelined_write: 0
2022/08/24-21:31:15.561892 5e9c                  Options.unordered_write: 0
2022/08/24-21:31:15.561894 5e9c         Options.allow_concurrent_memtable_write: 1
2022/08/24-21:31:15.561897 5e9c      Options.enable_write_thread_adaptive_yield: 1
2022/08/24-21:31:15.561899 5e9c             Options.write_thread_max_yield_usec: 100
2022/08/24-21:31:15.561902 5e9c            Options.write_thread_slow_yield_usec: 3
2022/08/24-21:31:15.561904 5e9c                               Options.row_cache: None
2022/08/24-21:31:15.561906 5e9c                              Options.wal_filter: None
2022/08/24-21:31:15.561909 5e9c             Options.avoid_flush_during_recovery: 0
2022/08/24-21:31:15.561911 5e9c             Options.allow_ingest_behind: 0
2022/08/24-21:31:15.561914 5e9c             Options.preserve_deletes: 0
2022/08/24-21:31:15.561916 5e9c             Options.two_write_queues: 0
2022/08/24-21:31:15.561919 5e9c             Options.manual_wal_flush: 0
2022/08/24-21:31:15.561921 5e9c             Options.atomic_flush: 0
2022/08/24-21:31:15.561923 5e9c             Options.avoid_unnecessary_blocking_io: 0
2022/08/24-21:31:15.561926 5e9c                 Options.persist_stats_to_disk: 0
2022/08/24-21:31:15.561928 5e9c                 Options.write_dbid_to_manifest: 0
2022/08/24-21:31:15.561931 5e9c                 Options.log_readahead_size: 0
2022/08/24-21:31:15.561933 5e9c                 Options.file_checksum_gen_factory: Unknown
2022/08/24-21:31:15.561936 5e9c                 Options.best_efforts_recovery: 0
2022/08/24-21:31:15.561938 5e9c             Options.max_background_jobs: 2
2022/08/24-21:31:15.561941 5e9c             Options.max_background_compactions: -1
2022/08/24-21:31:15.561943 5e9c             Options.avoid_flush_during_shutdown: 0
2022/08/24-21:31:15.561946 5e9c           Options.writable_file_max_buffer_size: 1048576
2022/08/24-21:31:15.561948 5e9c             Options.delayed_write_rate : 16777216
2022/08/24-21:31:15.561951 5e9c             Options.max_total_wal_size: 0
2022/08/24-21:31:15.561953 5e9c             Options.delete_obsolete_files_period_micros: 21600000000
2022/08/24-21:31:15.561956 5e9c                   Options.stats_dump_period_sec: 600
2022/08/24-21:31:15.561959 5e9c                 Options.stats_persist_period_sec: 600
2022/08/24-21:31:15.561961 5e9c                 Options.stats_history_buffer_size: 1048576
2022/08/24-21:31:15.561964 5e9c                          Options.max_open_files: -1
2022/08/24-21:31:15.561966 5e9c                          Options.bytes_per_sync: 0
2022/08/24-21:31:15.561969 5e9c                      Options.wal_bytes_per_sync: 0
2022/08/24-21:31:15.561971 5e9c                   Options.strict_bytes_per_sync: 0
2022/08/24-21:31:15.561974 5e9c       Options.compaction_readahead_size: 0
2022/08/24-21:31:15.561976 5e9c                  Options.max_background_flushes: -1
2022/08/24-21:31:15.561978 5e9c Compression algorithms supported:
2022/08/24-21:31:15.561984 5e9c 	kZSTD supported: 0
2022/08/24-21:31:15.561987 5e9c 	kSnappyCompression supported: 0
2022/08/24-21:31:15.561989 5e9c 	kBZip2Compression supported: 0
2022/08/24-21:31:15.561992 5e9c 	kZlibCompression supported: 1
2022/08/24-21:31:15.561994 5e9c 	kLZ4Compression supported: 1
2022/08/24-21:31:15.561997 5e9c 	kXpressCompression supported: 0
2022/08/24-21:31:15.561999 5e9c 	kLZ4HCCompression supported: 1
2022/08/24-21:31:15.562001 5e9c 	kZSTDNotFinalCompression supported: 0
2022/08/24-21:31:15.562006 5e9c Fast CRC32 supported: Not supported on x86
2022/08/24-21:31:15.562618 5e9c [db\version_set.cc:4515] Recovering from manifest file: F:\[Servers]\QPixel-2.0\db\default/MANIFEST-000026
2022/08/24-21:31:15.562704 5e9c [db\column_family.cc:579] --------------- Options for column family [default]:
2022/08/24-21:31:15.562709 5e9c               Options.comparator: leveldb.BytewiseComparator
2022/08/24-21:31:15.562712 5e9c           Options.merge_operator: None
2022/08/24-21:31:15.562714 5e9c        Options.compaction_filter: None
2022/08/24-21:31:15.562730 5e9c        Options.compaction_filter_factory: None
2022/08/24-21:31:15.562734 5e9c         Options.memtable_factory: SkipListFactory
2022/08/24-21:31:15.562737 5e9c            Options.table_factory: BlockBasedTable
2022/08/24-21:31:15.562767 5e9c            table_factory options:   flush_block_policy_factory: FlushBlockBySizePolicyFactory (0000024582EAF220)
  cache_index_and_filter_blocks: 0
  cache_index_and_filter_blocks_with_high_priority: 1
  pin_l0_filter_and_index_blocks_in_cache: 0
  pin_top_level_index_and_filter: 1
  index_type: 0
  data_block_index_type: 0
  index_shortening: 1
  data_block_hash_table_util_ratio: 0.750000
  hash_index_allow_collision: 1
  checksum: 1
  no_block_cache: 0
  block_cache: 00000245843915C0
  block_cache_name: LRUCache
  block_cache_options:
    capacity : 8388608
    num_shard_bits : 4
    strict_capacity_limit : 0
    memory_allocator : None
    high_pri_pool_ratio: 0.000
  block_cache_compressed: 0000000000000000
  persistent_cache: 0000000000000000
  block_size: 4096
  block_size_deviation: 10
  block_restart_interval: 16
  index_block_restart_interval: 1
  metadata_block_size: 4096
  partition_filters: 0
  use_delta_encoding: 1
  filter_policy: nullptr
  whole_key_filtering: 1
  verify_compression: 0
  read_amp_bytes_per_bit: 0
  format_version: 4
  enable_index_compression: 1
  block_align: 0
2022/08/24-21:31:15.562770 5e9c        Options.write_buffer_size: 67108864
2022/08/24-21:31:15.562773 5e9c  Options.max_write_buffer_number: 2
2022/08/24-21:31:15.562775 5e9c          Options.compression: LZ4
2022/08/24-21:31:15.562778 5e9c                  Options.bottommost_compression: Disabled
2022/08/24-21:31:15.562780 5e9c       Options.prefix_extractor: nullptr
2022/08/24-21:31:15.562783 5e9c   Options.memtable_insert_with_hint_prefix_extractor: nullptr
2022/08/24-21:31:15.562785 5e9c             Options.num_levels: 7
2022/08/24-21:31:15.562787 5e9c        Options.min_write_buffer_number_to_merge: 1
2022/08/24-21:31:15.562790 5e9c     Options.max_write_buffer_number_to_maintain: 0
2022/08/24-21:31:15.562792 5e9c     Options.max_write_buffer_size_to_maintain: 0
2022/08/24-21:31:15.562795 5e9c            Options.bottommost_compression_opts.window_bits: -14
2022/08/24-21:31:15.562797 5e9c                  Options.bottommost_compression_opts.level: 32767
2022/08/24-21:31:15.562800 5e9c               Options.bottommost_compression_opts.strategy: 0
2022/08/24-21:31:15.562802 5e9c         Options.bottommost_compression_opts.max_dict_bytes: 0
2022/08/24-21:31:15.562805 5e9c         Options.bottommost_compression_opts.zstd_max_train_bytes: 0
2022/08/24-21:31:15.562807 5e9c         Options.bottommost_compression_opts.parallel_threads: 1
2022/08/24-21:31:15.562810 5e9c                  Options.bottommost_compression_opts.enabled: false
2022/08/24-21:31:15.562813 5e9c            Options.compression_opts.window_bits: -14
2022/08/24-21:31:15.562815 5e9c                  Options.compression_opts.level: 32767
2022/08/24-21:31:15.562818 5e9c               Options.compression_opts.strategy: 0
2022/08/24-21:31:15.562820 5e9c         Options.compression_opts.max_dict_bytes: 0
2022/08/24-21:31:15.562823 5e9c         Options.compression_opts.zstd_max_train_bytes: 0
2022/08/24-21:31:15.562825 5e9c         Options.compression_opts.parallel_threads: 1
2022/08/24-21:31:15.562827 5e9c                  Options.compression_opts.enabled: false
2022/08/24-21:31:15.562830 5e9c      Options.level0_file_num_compaction_trigger: 4
2022/08/24-21:31:15.562832 5e9c          Options.level0_slowdown_writes_trigger: 20
2022/08/24-21:31:15.562835 5e9c              Options.level0_stop_writes_trigger: 36
2022/08/24-21:31:15.562837 5e9c                   Options.target_file_size_base: 67108864
2022/08/24-21:31:15.562840 5e9c             Options.target_file_size_multiplier: 1
2022/08/24-21:31:15.562842 5e9c                Options.max_bytes_for_level_base: 268435456
2022/08/24-21:31:15.562845 5e9c Options.level_compaction_dynamic_level_bytes: 0
2022/08/24-21:31:15.562847 5e9c          Options.max_bytes_for_level_multiplier: 10.000000
2022/08/24-21:31:15.562851 5e9c Options.max_bytes_for_level_multiplier_addtl[0]: 1
2022/08/24-21:31:15.562854 5e9c Options.max_bytes_for_level_multiplier_addtl[1]: 1
2022/08/24-21:31:15.562857 5e9c Options.max_bytes_for_level_multiplier_addtl[2]: 1
2022/08/24-21:31:15.562859 5e9c Options.max_bytes_for_level_multiplier_addtl[3]: 1
2022/08/24-21:31:15.562862 5e9c Options.max_bytes_for_level_multiplier_addtl[4]: 1
2022/08/24-21:31:15.562864 5e9c Options.max_bytes_for_level_multiplier_addtl[5]: 1
2022/08/24-21:31:15.562867 5e9c Options.max_bytes_for_level_multiplier_addtl[6]: 1
2022/08/24-21:31:15.562869 5e9c       Options.max_sequential_skip_in_iterations: 8
2022/08/24-21:31:15.562871 5e9c                    Options.max_compaction_bytes: 1677721600
2022/08/24-21:31:15.562874 5e9c                        Options.arena_block_size: 8388608
2022/08/24-21:31:15.562876 5e9c   Options.soft_pending_compaction_bytes_limit: 68719476736
2022/08/24-21:31:15.562879 5e9c   Options.hard_pending_compaction_bytes_limit: 274877906944
2022/08/24-21:31:15.562881 5e9c       Options.rate_limit_delay_max_milliseconds: 100
2022/08/24-21:31:15.562884 5e9c                Options.disable_auto_compactions: 0
2022/08/24-21:31:15.562887 5e9c                        Options.compaction_style: kCompactionStyleLevel
2022/08/24-21:31:15.562890 5e9c                          Options.compaction_pri: kMinOverlappingRatio
2022/08/24-21:31:15.562892 5e9c Options.compaction_options_universal.size_ratio: 1
2022/08/24-21:31:15.562895 5e9c Options.compaction_options_universal.min_merge_width: 2
2022/08/24-21:31:15.562897 5e9c Options.compaction_options_universal.max_merge_width: 4294967295
2022/08/24-21:31:15.562900 5e9c Options.compaction_options_universal.max_size_amplification_percent: 200
2022/08/24-21:31:15.562902 5e9c Options.compaction_options_universal.compression_size_percent: -1
2022/08/24-21:31:15.562905 5e9c Options.compaction_options_universal.stop_style: kCompactionStopStyleTotalSize
2022/08/24-21:31:15.562908 5e9c Options.compaction_options_fifo.max_table_files_size: 1073741824
2022/08/24-21:31:15.562910 5e9c Options.compaction_options_fifo.allow_compaction: 0
2022/08/24-21:31:15.562914 5e9c                   Options.table_properties_collectors: 
2022/08/24-21:31:15.562916 5e9c                   Options.inplace_update_support: 0
2022/08/24-21:31:15.562919 5e9c                 Options.inplace_update_num_locks: 10000
2022/08/24-21:31:15.562921 5e9c               Options.memtable_prefix_bloom_size_ratio: 0.000000
2022/08/24-21:31:15.562924 5e9c               Options.memtable_whole_key_filtering: 0
2022/08/24-21:31:15.562926 5e9c   Options.memtable_huge_page_size: 0
2022/08/24-21:31:15.562929 5e9c                           Options.bloom_locality: 0
2022/08/24-21:31:15.562931 5e9c                    Options.max_successive_merges: 0
2022/08/24-21:31:15.562934 5e9c                Options.optimize_filters_for_hits: 0
2022/08/24-21:31:15.562936 5e9c                Options.paranoid_file_checks: 0
2022/08/24-21:31:15.562939 5e9c                Options.force_consistency_checks: 0
2022/08/24-21:31:15.562941 5e9c                Options.report_bg_io_stats: 0
2022/08/24-21:31:15.562943 5e9c                               Options.ttl: 2592000
2022/08/24-21:31:15.562946 5e9c          Options.periodic_compaction_seconds: 0
2022/08/24-21:31:15.565028 5e9c [db\version_set.cc:4672] Recovered from manifest file:F:\[Servers]\QPixel-2.0\db\default/MANIFEST-000026 succeeded,manifest_file_number is 26, next_file_number is 28, last_sequence is 0, log_number is 25,prev_log_number is 0,max_column_family is 0,min_log_number_to_keep is 0
2022/08/24-21:31:15.565039 5e9c [db\version_set.cc:4681] Column family [default] (ID 0), log number is 25
2022/08/24-21:31:15.565978 5e9c EVENT_LOG_v1 {"time_micros": 1661373075565973, "job": 1, "event": "recovery_started", "log_files": [27]}
2022/08/24-21:31:15.565987 5e9c [db\db_impl\db_impl_open.cc:774] Recovering log #27 mode 2
2022/08/24-21:31:15.566071 5e9c [db\version_set.cc:3920] Creating manifest 29
2022/08/24-21:31:15.570496 5e9c EVENT_LOG_v1 {"time_micros": 1661373075570491, "job": 1, "event": "recovery_finished"}
2022/08/24-21:31:15.571368 5e9c [file\delete_scheduler.cc:73] Deleted file F:\[Servers]\QPixel-2.0\db\default/000027.log immediately, rate_bytes_per_sec 0, total_trash_size 0 max_trash_db_ratio 0.250000
2022/08/24-21:31:15.573780 5e9c [db\db_impl\db_impl_open.cc:1576] SstFileManager instance 0000024583287610
2022/08/24-21:31:15.574326 5e9c DB pointer 00000245833757B0
2022/08/24-21:31:15.574627 5d0c [db\db_impl\db_impl.cc:854] ------- DUMPING STATS -------
2022/08/24-21:31:15.574637 5d0c [db\db_impl\db_impl.cc:855] 
** DB Stats **
Uptime(secs): 0.0 total, 0.0 interval
Cumulative writes: 0 writes, 0 keys, 0 commit groups, 0.0 writes per commit group, ingest: 0.00 GB, 0.00 MB/s
Cumulative WAL: 0 writes, 0 syncs, 0.00 writes per sync, written: 0.00 GB, 0.00 MB/s
Cumulative stall: 00:00:0.000 H:M:S, 0.0 percent
Interval writes: 0 writes, 0 keys, 0 commit groups, 0.0 writes per commit group, ingest: 0.00 MB, 0.00 MB/s
Interval WAL: 0 writes, 0 syncs, 0.00 writes per sync, written: 0.00 MB, 0.00 MB/s
Interval stall: 00:00:0.000 H:M:S, 0.0 percent

** Compaction Stats [default] **
Level    Files   Size     Score Read(GB)  Rn(GB) Rnp1(GB) Write(GB) Wnew(GB) Moved(GB) W-Amp Rd(MB/s) Wr(MB/s) Comp(sec) CompMergeCPU(sec) Comp(cnt) Avg(sec) KeyIn KeyDrop
----------------------------------------------------------------------------------------------------------------------------------------------------------------------------
 Sum      0/0    0.00 KB   0.0      0.0     0.0      0.0       0.0      0.0       0.0   0.0      0.0      0.0      0.00              0.00         0    0.000       0      0
 Int      0/0    0.00 KB   0.0      0.0     0.0      0.0       0.0      0.0       0.0   0.0      0.0      0.0      0.00              0.00         0    0.000       0      0

** Compaction Stats [default] **
Priority    Files   Size     Score Read(GB)  Rn(GB) Rnp1(GB) Write(GB) Wnew(GB) Moved(GB) W-Amp Rd(MB/s) Wr(MB/s) Comp(sec) CompMergeCPU(sec) Comp(cnt) Avg(sec) KeyIn KeyDrop
-------------------------------------------------------------------------------------------------------------------------------------------------------------------------------
Uptime(secs): 0.0 total, 0.0 interval
Flush(GB): cumulative 0.000, interval 0.000
AddFile(GB): cumulative 0.000, interval 0.000
AddFile(Total Files): cumulative 0, interval 0
AddFile(L0 Files): cumulative 0, interval 0
AddFile(Keys): cumulative 0, interval 0
Cumulative compaction: 0.00 GB write, 0.00 MB/s write, 0.00 GB read, 0.00 MB/s read, 0.0 seconds
Interval compaction: 0.00 GB write, 0.00 MB/s write, 0.00 GB read, 0.00 MB/s read, 0.0 seconds
Stalls(count): 0 level0_slowdown, 0 level0_slowdown_with_compaction, 0 level0_numfiles, 0 level0_numfiles_with_compaction, 0 stop for pending_compaction_bytes, 0 slowdown for pending_compaction_bytes, 0 memtable_compaction, 0 memtable_slowdown, interval 0 total count

** File Read Latency Histogram By Level [default] **

** Compaction Stats [default] **
Level    Files   Size     Score Read(GB)  Rn(GB) Rnp1(GB) Write(GB) Wnew(GB) Moved(GB) W-Amp Rd(MB/s) Wr(MB/s) Comp(sec) CompMergeCPU(sec) Comp(cnt) Avg(sec) KeyIn KeyDrop
----------------------------------------------------------------------------------------------------------------------------------------------------------------------------
 Sum      0/0    0.00 KB   0.0      0.0     0.0      0.0       0.0      0.0       0.0   0.0      0.0      0.0      0.00              0.00         0    0.000       0      0
 Int      0/0    0.00 KB   0.0      0.0     0.0      0.0       0.0      0.0       0.0   0.0      0.0      0.0      0.00              0.00         0    0.000       0      0

** Compaction Stats [default] **
Priority    Files   Size     Score Read(GB)  Rn(GB) Rnp1(GB) Write(GB) Wnew(GB) Moved(GB) W-Amp Rd(MB/s) Wr(MB/s) Comp(sec) CompMergeCPU(sec) Comp(cnt) Avg(sec) KeyIn KeyDrop
-------------------------------------------------------------------------------------------------------------------------------------------------------------------------------
Uptime(secs): 0.0 total, 0.0 interval
Flush(GB): cumulative 0.000, interval 0.000
AddFile(GB): cumulative 0.000, interval 0.000
AddFile(Total Files): cumulative 0, interval 0
AddFile(L0 Files): cumulative 0, interval 0
AddFile(Keys): cumulative 0, interval 0
Cumulative compaction: 0.00 GB write, 0.00 MB/s write, 0.00 GB read, 0.00 MB/s read, 0.0 seconds
Interval compaction: 0.00 GB write, 0.00 MB/s write, 0.00 GB read, 0.00 MB/s read, 0.0 seconds
Stalls(count): 0 level0_slowdown, 0 level0_slowdown_with_compaction, 0 level0_numfiles, 0 level0_numfiles_with_compaction, 0 stop for pending_compaction_bytes, 0 slowdown for pending_compaction_bytes, 0 memtable_compaction, 0 memtable_slowdown, interval 0 total count

** File Read Latency Histogram By Level [default] **
2022/08/24-21:41:15.576732 5d0c [db\db_impl\db_impl.cc:854] ------- DUMPING STATS -------
2022/08/24-21:41:15.576759 5d0c [db\db_impl\db_impl.cc:855] 
** DB Stats **
Uptime(secs): 600.0 total, 600.0 interval
Cumulative writes: 0 writes, 0 keys, 0 commit groups, 0.0 writes per commit group, ingest: 0.00 GB, 0.00 MB/s
Cumulative WAL: 0 writes, 0 syncs, 0.00 writes per sync, written: 0.00 GB, 0.00 MB/s
Cumulative stall: 00:00:0.000 H:M:S, 0.0 percent
Interval writes: 0 writes, 0 keys, 0 commit groups, 0.0 writes per commit group, ingest: 0.00 MB, 0.00 MB/s
Interval WAL: 0 writes, 0 syncs, 0.00 writes per sync, written: 0.00 MB, 0.00 MB/s
Interval stall: 00:00:0.000 H:M:S, 0.0 percent

** Compaction Stats [default] **
Level    Files   Size     Score Read(GB)  Rn(GB) Rnp1(GB) Write(GB) Wnew(GB) Moved(GB) W-Amp Rd(MB/s) Wr(MB/s) Comp(sec) CompMergeCPU(sec) Comp(cnt) Avg(sec) KeyIn KeyDrop
----------------------------------------------------------------------------------------------------------------------------------------------------------------------------
 Sum      0/0    0.00 KB   0.0      0.0     0.0      0.0       0.0      0.0       0.0   0.0      0.0      0.0      0.00              0.00         0    0.000       0      0
 Int      0/0    0.00 KB   0.0      0.0     0.0      0.0       0.0      0.0       0.0   0.0      0.0      0.0      0.00              0.00         0    0.000       0      0

** Compaction Stats [default] **
Priority    Files   Size     Score Read(GB)  Rn(GB) Rnp1(GB) Write(GB) Wnew(GB) Moved(GB) W-Amp Rd(MB/s) Wr(MB/s) Comp(sec) CompMergeCPU(sec) Comp(cnt) Avg(sec) KeyIn KeyDrop
-------------------------------------------------------------------------------------------------------------------------------------------------------------------------------
Uptime(secs): 600.0 total, 600.0 interval
Flush(GB): cumulative 0.000, interval 0.000
AddFile(GB): cumulative 0.000, interval 0.000
AddFile(Total Files): cumulative 0, interval 0
AddFile(L0 Files): cumulative 0, interval 0
AddFile(Keys): cumulative 0, interval 0
Cumulative compaction: 0.00 GB write, 0.00 MB/s write, 0.00 GB read, 0.00 MB/s read, 0.0 seconds
Interval compaction: 0.00 GB write, 0.00 MB/s write, 0.00 GB read, 0.00 MB/s read, 0.0 seconds
Stalls(count): 0 level0_slowdown, 0 level0_slowdown_with_compaction, 0 level0_numfiles, 0 level0_numfiles_with_compaction, 0 stop for pending_compaction_bytes, 0 slowdown for pending_compaction_bytes, 0 memtable_compaction, 0 memtable_slowdown, interval 0 total count

** File Read Latency Histogram By Level [default] **

** Compaction Stats [default] **
Level    Files   Size     Score Read(GB)  Rn(GB) Rnp1(GB) Write(GB) Wnew(GB) Moved(GB) W-Amp Rd(MB/s) Wr(MB/s) Comp(sec) CompMergeCPU(sec) Comp(cnt) Avg(sec) KeyIn KeyDrop
----------------------------------------------------------------------------------------------------------------------------------------------------------------------------
 Sum      0/0    0.00 KB   0.0      0.0     0.0      0.0       0.0      0.0       0.0   0.0      0.0      0.0      0.00              0.00         0    0.000       0      0
 Int      0/0    0.00 KB   0.0      0.0     0.0      0.0       0.0      0.0       0.0   0.0      0.0      0.0      0.00              0.00         0    0.000       0      0

** Compaction Stats [default] **
Priority    Files   Size     Score Read(GB)  Rn(GB) Rnp1(GB) Write(GB) Wnew(GB) Moved(GB) W-Amp Rd(MB/s) Wr(MB/s) Comp(sec) CompMergeCPU(sec) Comp(cnt) Avg(sec) KeyIn KeyDrop
-------------------------------------------------------------------------------------------------------------------------------------------------------------------------------
Uptime(secs): 600.0 total, 0.0 interval
Flush(GB): cumulative 0.000, interval 0.000
AddFile(GB): cumulative 0.000, interval 0.000
AddFile(Total Files): cumulative 0, interval 0
AddFile(L0 Files): cumulative 0, interval 0
AddFile(Keys): cumulative 0, interval 0
Cumulative compaction: 0.00 GB write, 0.00 MB/s write, 0.00 GB read, 0.00 MB/s read, 0.0 seconds
Interval compaction: 0.00 GB write, 0.00 MB/s write, 0.00 GB read, 0.00 MB/s read, 0.0 seconds
Stalls(count): 0 level0_slowdown, 0 level0_slowdown_with_compaction, 0 level0_numfiles, 0 level0_numfiles_with_compaction, 0 stop for pending_compaction_bytes, 0 slowdown for pending_compaction_bytes, 0 memtable_compaction, 0 memtable_slowdown, interval 0 total count

** File Read Latency Histogram By Level [default] **
2022/08/24-21:51:15.577023 5d0c [db\db_impl\db_impl.cc:854] ------- DUMPING STATS -------
2022/08/24-21:51:15.577054 5d0c [db\db_impl\db_impl.cc:855] 
** DB Stats **
Uptime(secs): 1200.0 total, 600.0 interval
Cumulative writes: 0 writes, 0 keys, 0 commit groups, 0.0 writes per commit group, ingest: 0.00 GB, 0.00 MB/s
Cumulative WAL: 0 writes, 0 syncs, 0.00 writes per sync, written: 0.00 GB, 0.00 MB/s
Cumulative stall: 00:00:0.000 H:M:S, 0.0 percent
Interval writes: 0 writes, 0 keys, 0 commit groups, 0.0 writes per commit group, ingest: 0.00 MB, 0.00 MB/s
Interval WAL: 0 writes, 0 syncs, 0.00 writes per sync, written: 0.00 MB, 0.00 MB/s
Interval stall: 00:00:0.000 H:M:S, 0.0 percent

** Compaction Stats [default] **
Level    Files   Size     Score Read(GB)  Rn(GB) Rnp1(GB) Write(GB) Wnew(GB) Moved(GB) W-Amp Rd(MB/s) Wr(MB/s) Comp(sec) CompMergeCPU(sec) Comp(cnt) Avg(sec) KeyIn KeyDrop
----------------------------------------------------------------------------------------------------------------------------------------------------------------------------
 Sum      0/0    0.00 KB   0.0      0.0     0.0      0.0       0.0      0.0       0.0   0.0      0.0      0.0      0.00              0.00         0    0.000       0      0
 Int      0/0    0.00 KB   0.0      0.0     0.0      0.0       0.0      0.0       0.0   0.0      0.0      0.0      0.00              0.00         0    0.000       0      0

** Compaction Stats [default] **
Priority    Files   Size     Score Read(GB)  Rn(GB) Rnp1(GB) Write(GB) Wnew(GB) Moved(GB) W-Amp Rd(MB/s) Wr(MB/s) Comp(sec) CompMergeCPU(sec) Comp(cnt) Avg(sec) KeyIn KeyDrop
-------------------------------------------------------------------------------------------------------------------------------------------------------------------------------
Uptime(secs): 1200.0 total, 600.0 interval
Flush(GB): cumulative 0.000, interval 0.000
AddFile(GB): cumulative 0.000, interval 0.000
AddFile(Total Files): cumulative 0, interval 0
AddFile(L0 Files): cumulative 0, interval 0
AddFile(Keys): cumulative 0, interval 0
Cumulative compaction: 0.00 GB write, 0.00 MB/s write, 0.00 GB read, 0.00 MB/s read, 0.0 seconds
Interval compaction: 0.00 GB write, 0.00 MB/s write, 0.00 GB read, 0.00 MB/s read, 0.0 seconds
Stalls(count): 0 level0_slowdown, 0 level0_slowdown_with_compaction, 0 level0_numfiles, 0 level0_numfiles_with_compaction, 0 stop for pending_compaction_bytes, 0 slowdown for pending_compaction_bytes, 0 memtable_compaction, 0 memtable_slowdown, interval 0 total count

** File Read Latency Histogram By Level [default] **

** Compaction Stats [default] **
Level    Files   Size     Score Read(GB)  Rn(GB) Rnp1(GB) Write(GB) Wnew(GB) Moved(GB) W-Amp Rd(MB/s) Wr(MB/s) Comp(sec) CompMergeCPU(sec) Comp(cnt) Avg(sec) KeyIn KeyDrop
----------------------------------------------------------------------------------------------------------------------------------------------------------------------------
 Sum      0/0    0.00 KB   0.0      0.0     0.0      0.0       0.0      0.0       0.0   0.0      0.0      0.0      0.00              0.00         0    0.000       0      0
 Int      0/0    0.00 KB   0.0      0.0     0.0      0.0       0.0      0.0       0.0   0.0      0.0      0.0      0.00              0.00         0    0.000       0      0

** Compaction Stats [default] **
Priority    Files   Size     Score Read(GB)  Rn(GB) Rnp1(GB) Write(GB) Wnew(GB) Moved(GB) W-Amp Rd(MB/s) Wr(MB/s) Comp(sec) CompMergeCPU(sec) Comp(cnt) Avg(sec) KeyIn KeyDrop
-------------------------------------------------------------------------------------------------------------------------------------------------------------------------------
Uptime(secs): 1200.0 total, 0.0 interval
Flush(GB): cumulative 0.000, interval 0.000
AddFile(GB): cumulative 0.000, interval 0.000
AddFile(Total Files): cumulative 0, interval 0
AddFile(L0 Files): cumulative 0, interval 0
AddFile(Keys): cumulative 0, interval 0
Cumulative compaction: 0.00 GB write, 0.00 MB/s write, 0.00 GB read, 0.00 MB/s read, 0.0 seconds
Interval compaction: 0.00 GB write, 0.00 MB/s write, 0.00 GB read, 0.00 MB/s read, 0.0 seconds
Stalls(count): 0 level0_slowdown, 0 level0_slowdown_with_compaction, 0 level0_numfiles, 0 level0_numfiles_with_compaction, 0 stop for pending_compaction_bytes, 0 slowdown for pending_compaction_bytes, 0 memtable_compaction, 0 memtable_slowdown, interval 0 total count

** File Read Latency Histogram By Level [default] **
2022/08/24-22:01:15.577783 5d0c [db\db_impl\db_impl.cc:854] ------- DUMPING STATS -------
2022/08/24-22:01:15.577832 5d0c [db\db_impl\db_impl.cc:855] 
** DB Stats **
Uptime(secs): 1800.0 total, 600.0 interval
Cumulative writes: 0 writes, 0 keys, 0 commit groups, 0.0 writes per commit group, ingest: 0.00 GB, 0.00 MB/s
Cumulative WAL: 0 writes, 0 syncs, 0.00 writes per sync, written: 0.00 GB, 0.00 MB/s
Cumulative stall: 00:00:0.000 H:M:S, 0.0 percent
Interval writes: 0 writes, 0 keys, 0 commit groups, 0.0 writes per commit group, ingest: 0.00 MB, 0.00 MB/s
Interval WAL: 0 writes, 0 syncs, 0.00 writes per sync, written: 0.00 MB, 0.00 MB/s
Interval stall: 00:00:0.000 H:M:S, 0.0 percent

** Compaction Stats [default] **
Level    Files   Size     Score Read(GB)  Rn(GB) Rnp1(GB) Write(GB) Wnew(GB) Moved(GB) W-Amp Rd(MB/s) Wr(MB/s) Comp(sec) CompMergeCPU(sec) Comp(cnt) Avg(sec) KeyIn KeyDrop
----------------------------------------------------------------------------------------------------------------------------------------------------------------------------
 Sum      0/0    0.00 KB   0.0      0.0     0.0      0.0       0.0      0.0       0.0   0.0      0.0      0.0      0.00              0.00         0    0.000       0      0
 Int      0/0    0.00 KB   0.0      0.0     0.0      0.0       0.0      0.0       0.0   0.0      0.0      0.0      0.00              0.00         0    0.000       0      0

** Compaction Stats [default] **
Priority    Files   Size     Score Read(GB)  Rn(GB) Rnp1(GB) Write(GB) Wnew(GB) Moved(GB) W-Amp Rd(MB/s) Wr(MB/s) Comp(sec) CompMergeCPU(sec) Comp(cnt) Avg(sec) KeyIn KeyDrop
-------------------------------------------------------------------------------------------------------------------------------------------------------------------------------
Uptime(secs): 1800.0 total, 600.0 interval
Flush(GB): cumulative 0.000, interval 0.000
AddFile(GB): cumulative 0.000, interval 0.000
AddFile(Total Files): cumulative 0, interval 0
AddFile(L0 Files): cumulative 0, interval 0
AddFile(Keys): cumulative 0, interval 0
Cumulative compaction: 0.00 GB write, 0.00 MB/s write, 0.00 GB read, 0.00 MB/s read, 0.0 seconds
Interval compaction: 0.00 GB write, 0.00 MB/s write, 0.00 GB read, 0.00 MB/s read, 0.0 seconds
Stalls(count): 0 level0_slowdown, 0 level0_slowdown_with_compaction, 0 level0_numfiles, 0 level0_numfiles_with_compaction, 0 stop for pending_compaction_bytes, 0 slowdown for pending_compaction_bytes, 0 memtable_compaction, 0 memtable_slowdown, interval 0 total count

** File Read Latency Histogram By Level [default] **

** Compaction Stats [default] **
Level    Files   Size     Score Read(GB)  Rn(GB) Rnp1(GB) Write(GB) Wnew(GB) Moved(GB) W-Amp Rd(MB/s) Wr(MB/s) Comp(sec) CompMergeCPU(sec) Comp(cnt) Avg(sec) KeyIn KeyDrop
----------------------------------------------------------------------------------------------------------------------------------------------------------------------------
 Sum      0/0    0.00 KB   0.0      0.0     0.0      0.0       0.0      0.0       0.0   0.0      0.0      0.0      0.00              0.00         0    0.000       0      0
 Int      0/0    0.00 KB   0.0      0.0     0.0      0.0       0.0      0.0       0.0   0.0      0.0      0.0      0.00              0.00         0    0.000       0      0

** Compaction Stats [default] **
Priority    Files   Size     Score Read(GB)  Rn(GB) Rnp1(GB) Write(GB) Wnew(GB) Moved(GB) W-Amp Rd(MB/s) Wr(MB/s) Comp(sec) CompMergeCPU(sec) Comp(cnt) Avg(sec) KeyIn KeyDrop
-------------------------------------------------------------------------------------------------------------------------------------------------------------------------------
Uptime(secs): 1800.0 total, 0.0 interval
Flush(GB): cumulative 0.000, interval 0.000
AddFile(GB): cumulative 0.000, interval 0.000
AddFile(Total Files): cumulative 0, interval 0
AddFile(L0 Files): cumulative 0, interval 0
AddFile(Keys): cumulative 0, interval 0
Cumulative compaction: 0.00 GB write, 0.00 MB/s write, 0.00 GB read, 0.00 MB/s read, 0.0 seconds
Interval compaction: 0.00 GB write, 0.00 MB/s write, 0.00 GB read, 0.00 MB/s read, 0.0 seconds
Stalls(count): 0 level0_slowdown, 0 level0_slowdown_with_compaction, 0 level0_numfiles, 0 level0_numfiles_with_compaction, 0 stop for pending_compaction_bytes, 0 slowdown for pending_compaction_bytes, 0 memtable_compaction, 0 memtable_slowdown, interval 0 total count

** File Read Latency Histogram By Level [default] **
2022/08/24-22:11:15.579847 5d0c [db\db_impl\db_impl.cc:854] ------- DUMPING STATS -------
2022/08/24-22:11:15.579873 5d0c [db\db_impl\db_impl.cc:855] 
** DB Stats **
Uptime(secs): 2400.0 total, 600.0 interval
Cumulative writes: 0 writes, 0 keys, 0 commit groups, 0.0 writes per commit group, ingest: 0.00 GB, 0.00 MB/s
Cumulative WAL: 0 writes, 0 syncs, 0.00 writes per sync, written: 0.00 GB, 0.00 MB/s
Cumulative stall: 00:00:0.000 H:M:S, 0.0 percent
Interval writes: 0 writes, 0 keys, 0 commit groups, 0.0 writes per commit group, ingest: 0.00 MB, 0.00 MB/s
Interval WAL: 0 writes, 0 syncs, 0.00 writes per sync, written: 0.00 MB, 0.00 MB/s
Interval stall: 00:00:0.000 H:M:S, 0.0 percent

** Compaction Stats [default] **
Level    Files   Size     Score Read(GB)  Rn(GB) Rnp1(GB) Write(GB) Wnew(GB) Moved(GB) W-Amp Rd(MB/s) Wr(MB/s) Comp(sec) CompMergeCPU(sec) Comp(cnt) Avg(sec) KeyIn KeyDrop
----------------------------------------------------------------------------------------------------------------------------------------------------------------------------
 Sum      0/0    0.00 KB   0.0      0.0     0.0      0.0       0.0      0.0       0.0   0.0      0.0      0.0      0.00              0.00         0    0.000       0      0
 Int      0/0    0.00 KB   0.0      0.0     0.0      0.0       0.0      0.0       0.0   0.0      0.0      0.0      0.00              0.00         0    0.000       0      0

** Compaction Stats [default] **
Priority    Files   Size     Score Read(GB)  Rn(GB) Rnp1(GB) Write(GB) Wnew(GB) Moved(GB) W-Amp Rd(MB/s) Wr(MB/s) Comp(sec) CompMergeCPU(sec) Comp(cnt) Avg(sec) KeyIn KeyDrop
-------------------------------------------------------------------------------------------------------------------------------------------------------------------------------
Uptime(secs): 2400.0 total, 600.0 interval
Flush(GB): cumulative 0.000, interval 0.000
AddFile(GB): cumulative 0.000, interval 0.000
AddFile(Total Files): cumulative 0, interval 0
AddFile(L0 Files): cumulative 0, interval 0
AddFile(Keys): cumulative 0, interval 0
Cumulative compaction: 0.00 GB write, 0.00 MB/s write, 0.00 GB read, 0.00 MB/s read, 0.0 seconds
Interval compaction: 0.00 GB write, 0.00 MB/s write, 0.00 GB read, 0.00 MB/s read, 0.0 seconds
Stalls(count): 0 level0_slowdown, 0 level0_slowdown_with_compaction, 0 level0_numfiles, 0 level0_numfiles_with_compaction, 0 stop for pending_compaction_bytes, 0 slowdown for pending_compaction_bytes, 0 memtable_compaction, 0 memtable_slowdown, interval 0 total count

** File Read Latency Histogram By Level [default] **

** Compaction Stats [default] **
Level    Files   Size     Score Read(GB)  Rn(GB) Rnp1(GB) Write(GB) Wnew(GB) Moved(GB) W-Amp Rd(MB/s) Wr(MB/s) Comp(sec) CompMergeCPU(sec) Comp(cnt) Avg(sec) KeyIn KeyDrop
----------------------------------------------------------------------------------------------------------------------------------------------------------------------------
 Sum      0/0    0.00 KB   0.0      0.0     0.0      0.0       0.0      0.0       0.0   0.0      0.0      0.0      0.00              0.00         0    0.000       0      0
 Int      0/0    0.00 KB   0.0      0.0     0.0      0.0       0.0      0.0       0.0   0.0      0.0      0.0      0.00              0.00         0    0.000       0      0

** Compaction Stats [default] **
Priority    Files   Size     Score Read(GB)  Rn(GB) Rnp1(GB) Write(GB) Wnew(GB) Moved(GB) W-Amp Rd(MB/s) Wr(MB/s) Comp(sec) CompMergeCPU(sec) Comp(cnt) Avg(sec) KeyIn KeyDrop
-------------------------------------------------------------------------------------------------------------------------------------------------------------------------------
Uptime(secs): 2400.0 total, 0.0 interval
Flush(GB): cumulative 0.000, interval 0.000
AddFile(GB): cumulative 0.000, interval 0.000
AddFile(Total Files): cumulative 0, interval 0
AddFile(L0 Files): cumulative 0, interval 0
AddFile(Keys): cumulative 0, interval 0
Cumulative compaction: 0.00 GB write, 0.00 MB/s write, 0.00 GB read, 0.00 MB/s read, 0.0 seconds
Interval compaction: 0.00 GB write, 0.00 MB/s write, 0.00 GB read, 0.00 MB/s read, 0.0 seconds
Stalls(count): 0 level0_slowdown, 0 level0_slowdown_with_compaction, 0 level0_numfiles, 0 level0_numfiles_with_compaction, 0 stop for pending_compaction_bytes, 0 slowdown for pending_compaction_bytes, 0 memtable_compaction, 0 memtable_slowdown, interval 0 total count

** File Read Latency Histogram By Level [default] **
2022/08/24-22:21:15.580486 5d0c [db\db_impl\db_impl.cc:854] ------- DUMPING STATS -------
2022/08/24-22:21:15.580512 5d0c [db\db_impl\db_impl.cc:855] 
** DB Stats **
Uptime(secs): 3000.0 total, 600.0 interval
Cumulative writes: 0 writes, 0 keys, 0 commit groups, 0.0 writes per commit group, ingest: 0.00 GB, 0.00 MB/s
Cumulative WAL: 0 writes, 0 syncs, 0.00 writes per sync, written: 0.00 GB, 0.00 MB/s
Cumulative stall: 00:00:0.000 H:M:S, 0.0 percent
Interval writes: 0 writes, 0 keys, 0 commit groups, 0.0 writes per commit group, ingest: 0.00 MB, 0.00 MB/s
Interval WAL: 0 writes, 0 syncs, 0.00 writes per sync, written: 0.00 MB, 0.00 MB/s
Interval stall: 00:00:0.000 H:M:S, 0.0 percent

** Compaction Stats [default] **
